0.0959378 0.109133 0.103614 
0.0724413 0.074103 0.0394343 
0.0785224 0.0926995 0.0555979 
0.0709704 0.0779159 0.0456792 
0.0924381 0.100052 0.0580425 
0.0811261 0.0893585 0.0459024 
0.0852207 0.105209 0.0479479 
0.082277 0.0859751 0.0436981 
0.0886054 0.0848299 0.0548333 
0.0769041 0.0703145 0.0597544 
0.0895553 0.084916 0.0669112 
0.0865949 0.0879618 0.0577918 
0.0771395 0.0860735 0.053984 
0.0888567 0.094212 0.0577797 
0.0988272 0.0950153 0.0536102 
0.0862993 0.0796845 0.061932 
0.086033 0.0771772 0.0602307 
0.0879404 0.0795681 0.0582731 
0.0741715 0.0808611 0.0707262 
0.0782697 0.0810143 0.0663944 
0.103372 0.0877222 0.0532457 
0.0698718 0.0934141 0.0710702 
0.0909372 0.0934523 0.0648765 
0.0983229 0.0748793 0.0594129 
0.0984885 0.0817472 0.0547018 
0.10155 0.0839264 0.0580552 
0.0924961 0.104919 0.0552292 
0.0821077 0.082778 0.0694357 
0.0865 0.0996215 0.0681601 
0.0758963 0.0968464 0.061036 
0.0869773 0.0731089 0.0716735 
0.0946996 0.0969576 0.0712344 
0.0893564 0.0745505 0.0591471 
0.0943635 0.0900516 0.0725542 
0.0830765 0.0976196 0.0654119 
0.0798747 0.0759264 0.0714301 
0.0953809 0.084244 0.0722886 
0.0942777 0.0752427 0.0635124 
0.100196 0.0910755 0.0625944 
0.0924007 0.0777154 0.0673638 
0.104747 0.0831208 0.082651 
0.0918675 0.0917551 0.0547386 
0.0830653 0.0902532 0.0563238 
0.0895124 0.0830922 0.077706 
0.0892404 0.0844947 0.0849641 
0.0941162 0.0857399 0.061773 
0.0953564 0.0968758 0.0685347 
0.0871923 0.0992444 0.0642733 
0.0882377 0.0853737 0.074868 
0.091995 0.0871859 0.0822909 
0.0775305 0.0824253 0.0784165 
0.109614 0.0890827 0.0784404 
0.0852496 0.0852959 0.0652974 
0.0958994 0.0948718 0.0841671 
0.0885625 0.0886066 0.0853716 
0.0800475 0.105877 0.0864482 
0.079217 0.093526 0.076917 
0.0926145 0.0840244 0.0930321 
0.0862257 0.0967568 0.0761525 
0.104218 0.0951279 0.0651238 
0.0941197 0.0840804 0.0923159 
0.103089 0.0881655 0.0853302 
0.0904634 0.0766516 0.0847551 
0.0859889 0.0938344 0.093208 
0.0988486 0.0904887 0.0640986 
0.0889761 0.0875691 0.0864018 
0.0800611 0.0942731 0.0804756 
0.088162 0.0997834 0.082449 
0.0867447 0.0925152 0.0727693 
0.103171 0.0925637 0.0793049 
0.101361 0.0975232 0.0727517 
0.0961427 0.0979225 0.075464 
0.093381 0.0942461 0.0760752 
0.0851759 0.0838814 0.0868053 
0.106042 0.0959113 0.0798675 
0.0920664 0.0934833 0.0769121 
0.105038 0.0914151 0.0891455 
0.0838652 0.0838892 0.0813872 
0.104493 0.0990333 0.0953003 
0.0903452 0.0912445 0.0871444 
0.104405 0.0974322 0.0712235 
0.0863274 0.10826 0.0672581 
0.0998805 0.105358 0.0956701 
0.0876838 0.0956617 0.0663715 
0.0936384 0.0964723 0.0857447 
0.0954253 0.0832112 0.0831035 
0.0872034 0.0848431 0.0939138 
0.0737793 0.0960304 0.0980413 
0.0788073 0.0969639 0.0960436 
0.100926 0.0927093 0.0903791 
0.0784779 0.0727445 0.0905364 
0.0922625 0.100394 0.095911 
0.102664 0.102005 0.0959757 
0.0854437 0.0886984 0.0762326 
0.0912238 0.0908725 0.0951086 
0.0987977 0.0867091 0.101921 
0.0905407 0.0835834 0.0833457 
0.0953692 0.0859051 0.0848904 
0.0862002 0.100538 0.0861623 
0.0834173 0.107946 0.0889379 
0.0901819 0.0984605 0.0907496 
0.0905656 0.110987 0.0894372 
0.0986145 0.094015 0.0857407 
0.0888379 0.0941933 0.085431 
0.0759644 0.0850296 0.0945622 
0.0926901 0.09877 0.093951 
0.0982753 0.110833 0.0883911 
0.0910923 0.0956962 0.0769055 
0.102883 0.0981309 0.0729572 
0.111006 0.0925611 0.0890307 
0.105737 0.0940004 0.0938531 
0.0856813 0.090971 0.0919742 
0.0933925 0.078743 0.0922251 
0.0871717 0.0980048 0.106033 
0.0918987 0.0995996 0.0917424 
0.0948447 0.0941745 0.0918389 
0.109898 0.100346 0.0904019 
0.0981406 0.0884091 0.0809894 
0.0997739 0.103927 0.09357 
0.0897156 0.0889267 0.0820573 
0.0970978 0.101111 0.0962942 
0.0936187 0.106774 0.0915148 
0.0851564 0.0827819 0.0966506 
0.0835986 0.114818 0.0902261 
0.100342 0.0957022 0.0897674 
0.0920024 0.0867012 0.0804763 
0.109945 0.104436 0.0782024 
0.107199 0.0920374 0.0897169 
0.100994 0.0826498 0.0960064 
0.0996883 0.0706397 0.111444 
0.109358 0.0916156 0.094418 
0.0884837 0.112617 0.0885098 
0.0891581 0.0912809 0.0913916 
0.0866184 0.107648 0.0887763 
0.107395 0.0988319 0.0819381 
0.0985963 0.100124 0.0827704 
0.0894469 0.0921129 0.0967109 
0.100752 0.0893752 0.091289 
0.0979145 0.0943029 0.0930868 
0.0843132 0.111271 0.102435 
0.0807223 0.11042 0.0868125 
0.0960087 0.100982 0.0833917 
0.0988542 0.101724 0.0980573 
0.104064 0.0905304 0.0761003 
0.0987202 0.0876677 0.0953423 
0.0847734 0.0945591 0.0888398 
0.0905232 0.0969566 0.085399 
0.0993872 0.104208 0.0918364 
0.0962857 0.105053 0.118645 
0.0887547 0.0824039 0.0882165 
0.105264 0.0977752 0.113123 
0.114114 0.0887341 0.105858 
0.104941 0.0823713 0.0850754 
0.106347 0.100894 0.093545 
0.0988884 0.089385 0.100963 
0.0964463 0.0922076 0.104105 
0.0917389 0.113831 0.0876308 
0.0876603 0.0872688 0.082017 
0.117214 0.0985465 0.103087 
0.0981862 0.0754053 0.0839945 
0.116185 0.0904363 0.0979304 
0.112154 0.0987131 0.0971673 
0.108911 0.0942011 0.07452 
0.115649 0.0959822 0.109199 
0.100053 0.108314 0.0806774 
0.0806649 0.106865 0.0969069 
0.0893105 0.115215 0.0924296 
0.0977114 0.110115 0.0922236 
0.0981193 0.112975 0.0828067 
0.0874436 0.126834 0.09518 
0.0854563 0.102059 0.0903982 
0.0790857 0.0910062 0.0988285 
0.101425 0.100999 0.106235 
0.0952222 0.0876814 0.0974975 
0.102755 0.0862042 0.0861772 
0.111409 0.0861125 0.103936 
0.0919157 0.0841052 0.115974 
0.0884149 0.0955499 0.111768 
0.0927342 0.101603 0.0917266 
0.102848 0.0933465 0.10309 
0.108616 0.0909119 0.100156 
0.0995494 0.106931 0.0902354 
0.10782 0.0881576 0.092377 
0.0955521 0.0966326 0.0957038 
0.100923 0.107953 0.109242 
0.086804 0.10615 0.088375 
0.11012 0.110635 0.110012 
0.0976277 0.0970753 0.0902407 
0.0882651 0.0976644 0.0872182 
0.097601 0.101852 0.0909739 
0.109232 0.104852 0.0866806 
0.100377 0.107122 0.100897 
0.0952232 0.0960825 0.0838307 
0.0939386 0.100416 0.0922598 
0.100247 0.10738 0.0983369 
0.088648 0.105699 0.0858599 
0.0968348 0.102665 0.0946906 
0.0870353 0.0904586 0.0940804 
0.0883687 0.0979517 0.103579 
0.112891 0.0931215 0.107848 
0.0883851 0.10209 0.0990126 
0.102652 0.102982 0.105942 
0.0932062 0.0951815 0.0924442 
0.0885591 0.105809 0.083175 
0.0996894 0.112488 0.103259 
0.0912312 0.09729 0.0953272 
0.0959155 0.0928278 0.106886 
0.0827178 0.0994755 0.0913247 
0.1079 0.0877552 0.117937 
0.0945377 0.0964966 0.0749993 
0.0948233 0.108759 0.106823 
0.0949272 0.0904352 0.0757626 
0.0983665 0.0954488 0.102152 
0.0809853 0.094149 0.105781 
0.100041 0.0981073 0.112372 
0.0958934 0.0975893 0.0955536 
0.102236 0.0938706 0.105295 
0.090635 0.0893481 0.0996378 
0.106833 0.0996761 0.11125 
0.0942892 0.110928 0.0791898 
0.0871597 0.0967434 0.0895835 
0.0961343 0.0931933 0.121924 
0.0983916 0.10131 0.113498 
0.0889767 0.109769 0.0901794 
0.112964 0.103001 0.0846375 
0.0912361 0.0879974 0.0757317 
0.116288 0.0997509 0.106184 
0.10327 0.0807934 0.0795915 
0.0973323 0.0966352 0.0843739 
0.111056 0.101928 0.119109 
0.0931664 0.104028 0.0823245 
0.102629 0.0968064 0.102079 
0.107555 0.096307 0.116278 
0.0884944 0.0914546 0.0947599 
0.0876701 0.110183 0.105405 
0.0952976 0.0897268 0.117418 
0.101027 0.116254 0.102192 
0.0887116 0.108781 0.0796395 
0.0964387 0.0946284 0.0949597 
0.103247 0.108235 0.0955066 
0.100533 0.100698 0.0936258 
0.0964917 0.105457 0.0989744 
0.103049 0.0965424 0.0923318 
0.0968138 0.0902157 0.104268 
0.102449 0.101827 0.09698 
0.0902637 0.0980488 0.0978049 
0.106413 0.101124 0.125383 
0.101021 0.0976642 0.0819551 
0.0942218 0.0995698 0.108191 
0.0931237 0.120224 0.0976794 
0.0909725 0.11068 0.0874697 
0.0957907 0.0951881 0.096178 
0.103447 0.109034 0.0944494 
0.0964942 0.085451 0.105154 
0.0924694 0.108637 0.122627 
0.0982378 0.0944118 0.0906944 
0.131832 0.104258 0.0941769 
0.0946402 0.105825 0.0930315 
0.0971993 0.10148 0.0928935 
0.100312 0.105341 0.0795954 
0.0950328 0.0928108 0.0953678 
0.102106 0.108788 0.112888 
0.117287 0.0994647 0.103047 
0.0978643 0.0929016 0.076489 
0.112112 0.0974371 0.0950586 
0.108755 0.108913 0.0953072 
0.102226 0.094636 0.0932996 
0.10179 0.114472 0.116185 
0.0893026 0.0895865 0.0901754 
0.117599 0.0905726 0.114366 
0.110114 0.0825027 0.0984266 
0.105424 0.0842096 0.107317 
0.095765 0.10461 0.10433 
0.0859931 0.0925516 0.108449 
0.107331 0.0923856 0.0924554 
0.100821 0.094886 0.0919549 
0.116481 0.126952 0.0873145 
0.102829 0.108256 0.0823304 
0.103167 0.100038 0.0936557 
0.113751 0.100748 0.107911 
0.097432 0.0999251 0.0992604 
0.0983178 0.108737 0.0901748 
0.0974425 0.108239 0.101572 
0.100025 0.110994 0.0953572 
0.0884524 0.10508 0.0928332 
0.0893293 0.0899738 0.0965308 
0.114079 0.107743 0.0975733 
0.0969721 0.0881775 0.0820515 
0.119845 0.111998 0.112062 
0.100053 0.086788 0.0836023 
0.112704 0.123773 0.1158 
0.113561 0.107004 0.0855933 
0.0947199 0.085015 0.0883602 
0.101421 0.0997183 0.106294 
0.0920691 0.0903805 0.105135 
0.0942942 0.0936223 0.113541 
0.112911 0.10613 0.106665 
0.0876719 0.103247 0.098796 
0.084167 0.0873205 0.0994748 
0.10866 0.101164 0.118766 
0.0943153 0.0881984 0.0976442 
0.101316 0.10012 0.0996536 
0.10926 0.119177 0.108273 
0.0900877 0.10441 0.092144 
0.0902596 0.0911138 0.106571 
0.105349 0.0989386 0.100876 
0.0983874 0.101096 0.101213 
0.0926162 0.104874 0.0954234 
0.0890891 0.096036 0.0927239 
0.105595 0.0894444 0.11194 
0.103847 0.0954952 0.113171 
0.097569 0.087133 0.0998383 
0.10891 0.105193 0.107577 
0.0896724 0.113517 0.10482 
0.10264 0.100593 0.104385 
0.105311 0.0876213 0.0909082 
0.0947357 0.101379 0.101259 
0.086335 0.107083 0.090792 
0.0889194 0.126846 0.0939132 
0.100121 0.109338 0.103353 
0.100732 0.0895032 0.11339 
0.0912946 0.105561 0.115768 
0.0908718 0.0905853 0.0946583 
0.093078 0.106595 0.111205 
0.1121 0.101016 0.0961278 
0.0933844 0.0933882 0.0854057 
0.102062 0.105845 0.118933 
0.113621 0.0932166 0.109478 
0.0971621 0.0750285 0.0830555 
0.0997552 0.11204 0.116518 
0.0895006 0.0917907 0.0893703 
0.0981465 0.100367 0.0937933 
0.109233 0.0962855 0.0922922 
0.109929 0.0881152 0.0874091 
0.103838 0.092282 0.110393 
0.123965 0.0975666 0.101339 
0.0972711 0.101065 0.0974298 
0.0918102 0.106226 0.108274 
0.106211 0.0945654 0.0963062 
0.106406 0.0823788 0.0909736 
0.0965256 0.0968679 0.105772 
0.0946551 0.0951881 0.0979929 
0.0990572 0.0903141 0.106734 
0.0933734 0.0942803 0.105486 
0.100439 0.0910544 0.115948 
0.109933 0.0964524 0.101541 
0.10648 0.100763 0.0995311 
0.105356 0.116195 0.0959987 
0.100396 0.0997391 0.0960429 
0.103297 0.101709 0.101512 
0.0895172 0.0963332 0.0892483 
0.107658 0.105829 0.11457 
0.0941279 0.0960323 0.0936152 
0.114188 0.110678 0.105282 
0.120027 0.101199 0.0930197 
0.0985829 0.0941774 0.101047 
0.104628 0.0938167 0.0926568 
0.0930256 0.0957008 0.0971842 
0.082432 0.0914278 0.119538 
0.0843769 0.101801 0.115046 
0.109244 0.0863166 0.0979076 
0.0988663 0.0988274 0.0924478 
0.115809 0.0988301 0.0996245 
0.103302 0.0911117 0.0935746 
0.0830999 0.0978735 0.104435 
0.100854 0.114609 0.0997598 
0.0857505 0.105166 0.0881676 
0.102427 0.110137 0.0995384 
0.101621 0.093288 0.112579 
0.0959636 0.0949067 0.102495 
0.0986972 0.104372 0.0959611 
0.108849 0.079449 0.104605 
0.0956564 0.105627 0.103928 
0.0967428 0.0907116 0.0893239 
0.106932 0.0943519 0.112637 
0.103007 0.112255 0.0951999 
0.0886036 0.0941904 0.091855 
0.103973 0.106505 0.108876 
0.0978761 0.0944926 0.0952086 
0.100811 0.101658 0.0990519 
0.0998344 0.0930095 0.0940709 
0.0884927 0.109157 0.114712 
0.0870304 0.0951792 0.0840157 
0.091092 0.0952941 0.106106 
0.0945629 0.0993259 0.10168 
0.102189 0.0941425 0.109391 
0.0977729 0.0941829 0.113634 
0.0973072 0.0949168 0.109725 
0.105486 0.0981755 0.119074 
0.0990846 0.106024 0.100798 
0.0982569 0.0998604 0.110907 
0.0959762 0.0822099 0.0998062 
0.111233 0.116614 0.0995753 
0.112229 0.0922694 0.089344 
0.117242 0.118887 0.0922422 
0.0874384 0.0991995 0.0926028 
0.107167 0.110351 0.11111 
0.102 0.0827468 0.0944034 
0.10475 0.106905 0.110516 
0.0896776 0.0952323 0.0872737 
0.102361 0.105935 0.107485 
0.100526 0.107262 0.090201 
0.107979 0.102422 0.107373 
0.0888346 0.0876225 0.0984353 
0.0892264 0.109574 0.0846235 
0.109536 0.111523 0.0930841 
0.0955953 0.0914423 0.0891602 
0.107418 0.09802 0.102929 
0.0980743 0.0847969 0.0856485 
0.114061 0.118747 0.105069 
0.0844527 0.105019 0.104207 
0.0807914 0.103218 0.107152 
0.10313 0.089802 0.120262 
0.10199 0.0881523 0.0986425 
0.110649 0.0915431 0.0973236 
0.0944204 0.10263 0.0899397 
0.0896179 0.119326 0.0992258 
0.0944688 0.103184 0.105729 
0.097792 0.103962 0.0969906 
0.104708 0.106583 0.110605 
0.0979246 0.0928817 0.103437 
0.107936 0.101443 0.112825 
0.105846 0.098739 0.11036 
0.0836187 0.101073 0.102861 
0.105281 0.105692 0.0973577 
0.108286 0.113447 0.0876302 
0.10039 0.0902106 0.105129 
0.105227 0.0936159 0.096026 
0.110554 0.0961048 0.0822435 
0.107038 0.104655 0.100276 
0.103261 0.111282 0.0944642 
0.105467 0.0959081 0.0959938 
0.101446 0.126504 0.104054 
0.0807593 0.0975445 0.0950368 
0.106583 0.106703 0.114843 
0.100282 0.0844803 0.0858944 
0.106878 0.091459 0.104276 
0.0968358 0.102101 0.114844 
0.0923737 0.106911 0.0934327 
0.0970799 0.114651 0.106936 
0.108734 0.0867561 0.0865686 
0.0963355 0.110996 0.104365 
0.101548 0.117027 0.0945775 
0.100254 0.0951462 0.0776894 
0.0921587 0.0933687 0.110221 
0.113547 0.115711 0.115077 
0.0992967 0.0876215 0.0845679 
0.0965267 0.107225 0.105703 
0.0969656 0.106467 0.115014 
0.0834461 0.0972834 0.0892087 
0.103535 0.119468 0.107739 
0.0924401 0.0884297 0.0805407 
0.11118 0.106906 0.127215 
0.0902032 0.0852199 0.0974213 
0.0958556 0.090339 0.112745 
0.106356 0.0760042 0.109333 
0.0967037 0.1081 0.124275 
0.104289 0.0974388 0.0924433 
0.109366 0.0967793 0.0946885 
0.0865735 0.116075 0.0922616 
0.0921774 0.121715 0.0949212 
0.102832 0.0970154 0.0968751 
0.0984195 0.0857272 0.0908318 
0.0917839 0.0858537 0.122982 
0.0887077 0.0991804 0.115593 
0.0876329 0.105491 0.105288 
0.0987646 0.109401 0.108674 
0.0921166 0.0956658 0.0876244 
0.10692 0.107687 0.105646 
0.102029 0.0867338 0.106629 
0.0978482 0.0853478 0.10102 
0.108204 0.116686 0.0899435 
0.0921879 0.119439 0.0823941 
0.0957894 0.103311 0.0868191 
0.124209 0.107567 0.0929045 
0.100719 0.0979783 0.0820143 
0.0981304 0.0971987 0.107389 
0.105112 0.0969798 0.110684 
0.104368 0.0976282 0.113845 
0.0937483 0.0939587 0.099619 
0.0962612 0.0934089 0.110454 
0.103346 0.115624 0.108892 
0.118201 0.0960947 0.0817664 
0.111339 0.0957868 0.0935649 
0.101499 0.095456 0.0947347 
0.101865 0.112038 0.102147 
0.0954965 0.0921878 0.0902706 
0.116472 0.112907 0.102092 
0.0992432 0.0953199 0.0837016 
0.111585 0.113744 0.110943 
0.0914824 0.0982954 0.0741376 
0.118836 0.103928 0.0979431 
0.0946687 0.0974514 0.0760931 
0.0999369 0.0999924 0.0958201 
0.102233 0.093323 0.108582 
0.12919 0.0972903 0.100005 
0.0992642 0.0831712 0.0966296 
0.0950342 0.0975161 0.111042 
0.107357 0.09575 0.102061 
0.0959812 0.0988666 0.099441 
0.11691 0.104361 0.123457 
0.0877659 0.0789623 0.102329 
0.0974092 0.109706 0.117897 
0.0933918 0.0964211 0.0973414 
0.0967104 0.111768 0.0920441 
0.0968817 0.103975 0.0960385 
0.0974767 0.101201 0.0939522 
0.110608 0.106146 0.0938895 
0.0832118 0.1063 0.101004 
0.108992 0.102778 0.101795 
0.10021 0.0919239 0.0984755 
0.0839553 0.098923 0.123251 
0.101572 0.109662 0.134298 
0.0875566 0.0943154 0.0951108 
0.0859242 0.109075 0.113451 
0.0931495 0.111591 0.0962705 
0.094769 0.0978137 0.0882972 
0.0959175 0.110723 0.100552 
0.110314 0.0922941 0.0756829 
0.121067 0.0933652 0.0989647 
0.105569 0.0931407 0.113188 
0.101353 0.108799 0.100987 
0.0975351 0.0913163 0.0914133 
0.0951302 0.0984907 0.118773 
0.100481 0.113597 0.10514 
0.0979014 0.104671 0.0935347 
0.0949868 0.0976273 0.0906669 
0.117618 0.0919111 0.105158 
0.110075 0.0900997 0.0868829 
0.112512 0.10125 0.0944994 
0.103398 0.0991357 0.0848159 
0.0906434 0.10407 0.0974201 
0.128176 0.107706 0.0969297 
0.0932137 0.106744 0.0811727 
0.122168 0.117493 0.100333 
0.099036 0.100771 0.0793645 
0.119887 0.107018 0.10031 
0.100181 0.100731 0.0855965 
0.106349 0.104536 0.110274 
0.105359 0.0971591 0.104477 
0.109042 0.0977825 0.0866446 
0.0917208 0.103963 0.081492 
0.0989887 0.114348 0.0923931 
0.097835 0.104044 0.0996428 
0.0989979 0.0955303 0.104614 
0.104797 0.106745 0.0964954 
0.0958173 0.115498 0.0993137 
0.0976508 0.0943078 0.0864322 
0.110849 0.118405 0.111546 
0.0924421 0.0797516 0.0976121 
0.105478 0.10233 0.117517 
0.0828037 0.107695 0.0794679 
0.104739 0.0875536 0.108043 
0.0986755 0.0937396 0.100132 
0.0894132 0.11158 0.113683 
0.101987 0.0985864 0.109497 
0.0902074 0.0906717 0.0906557 
0.117924 0.135216 0.120379 
0.0867642 0.102366 0.0693356 
0.106294 0.108963 0.128901 
0.0894153 0.0867443 0.104047 
0.0920885 0.102104 0.133465 
0.100698 0.0887913 0.112473 
0.0938968 0.102003 0.116417 
0.0995114 0.114537 0.11506 
0.0932729 0.0937004 0.0936578 
0.119496 0.0959314 0.103055 
0.0837307 0.105165 0.10413 
0.118731 0.111768 0.089507 
0.101603 0.103404 0.105711 
0.100966 0.104369 0.101638 
0.100598 0.103974 0.0960831 
0.0894219 0.1021 0.106 
0.0827455 0.0957402 0.100177 
0.0986321 0.104184 0.106561 
0.0953099 0.0955938 0.0945509 
0.106616 0.0990481 0.116784 
0.0972604 0.0972886 0.109492 
0.0962283 0.100618 0.093738 
0.108628 0.102308 0.0950565 
0.0930913 0.109391 0.0919201 
0.0867568 0.0971472 0.0815353 
0.0968037 0.105604 0.128314 
0.0897526 0.0760671 0.100511 
0.100122 0.0809247 0.113064 
0.0892013 0.099443 0.108128 
0.094184 0.0793215 0.114171 
0.0827808 0.100177 0.0999104 
0.0992373 0.0936231 0.128378 
0.109063 0.0848121 0.113066 
0.114496 0.0939681 0.0802555 
0.119542 0.102912 0.107248 
0.0933005 0.0964224 0.0847417 
0.11184 0.119103 0.112645 
0.0958688 0.0835474 0.0819662 
0.09893 0.10561 0.105003 
0.0933453 0.10874 0.0885053 
0.103605 0.112214 0.109705 
0.0858399 0.0963105 0.0796996 
0.1021 0.101984 0.109869 
0.0942206 0.103871 0.0962697 
0.111407 0.12111 0.0897882 
0.0918078 0.0942676 0.0937949 
0.102834 0.101363 0.100098 
0.103009 0.0986111 0.105011 
0.120947 0.0942907 0.099925 
0.0990595 0.0934641 0.0979473 
0.0888604 0.109829 0.0975238 
0.0919951 0.0923067 0.0993459 
0.119341 0.104858 0.0963847 
0.101132 0.0919147 0.0809857 
0.0940718 0.118796 0.100188 
0.107253 0.0881545 0.10689 
0.0843771 0.10902 0.099376 
0.10629 0.102066 0.0954393 
0.106891 0.103143 0.0994793 
0.103841 0.0881222 0.0993231 
0.0957005 0.103524 0.107186 
0.099555 0.098768 0.0958165 
0.124846 0.0949712 0.0989215 
0.0920136 0.0980551 0.0889395 
0.117639 0.11799 0.108997 
0.102957 0.0926085 0.0968875 
0.103504 0.0958917 0.109917 
0.100024 0.11897 0.106 
0.0925449 0.0773738 0.10978 
0.110026 0.0855819 0.107111 
0.105009 0.0959603 0.0972453 
0.105898 0.101642 0.103429 
0.111241 0.0918652 0.0929758 
0.106987 0.102382 0.10389 
0.100556 0.0961064 0.0925576 
0.102377 0.106532 0.101838 
0.107667 0.104089 0.0850621 
0.112853 0.0910965 0.0953123 
0.108956 0.123748 0.105887 
0.0993399 0.105279 0.100086 
0.0826649 0.0945956 0.121432 
0.107915 0.0983995 0.108253 
0.100333 0.111804 0.104642 
0.0968981 0.0978877 0.100453 
0.107986 0.0995114 0.113701 
0.116053 0.102112 0.0911493 
0.109466 0.0978627 0.101918 
0.0968862 0.0978844 0.0885663 
0.105525 0.118242 0.0967589 
0.0860673 0.0988769 0.0964811 
0.0942147 0.109394 0.101982 
0.103577 0.101892 0.0952976 
0.105894 0.0987294 0.0960494 
0.0979701 0.111065 0.0951238 
0.084132 0.094919 0.0954127 
0.0961063 0.107655 0.101358 
0.0994506 0.0981367 0.0851941 
0.120826 0.107482 0.0982199 
0.106224 0.105308 0.0728063 
0.100746 0.0959314 0.104211 
0.108049 0.0940518 0.11401 
0.105201 0.0944948 0.0901913 
0.0924607 0.0873824 0.0926621 
0.100167 0.0861499 0.108363 
0.0869391 0.111189 0.103593 
0.100891 0.0982387 0.107684 
0.105188 0.107699 0.100143 
0.110515 0.104045 0.0999396 
0.0968673 0.0875638 0.0927678 
0.08991 0.0912645 0.119023 
0.090286 0.10657 0.119218 
0.102749 0.101966 0.0955013 
0.0963939 0.0860955 0.105783 
0.102989 0.0959957 0.101878 
0.0879954 0.100389 0.110391 
0.0847718 0.0858939 0.102003 
0.108385 0.107292 0.10052 
0.122718 0.0956148 0.10375 
0.0957294 0.0812909 0.0996003 
0.084836 0.109395 0.116857 
0.0843894 0.0968424 0.0840838 
0.111218 0.120184 0.111281 
0.098069 0.0996163 0.0966549 
0.103379 0.104196 0.102889 
0.098347 0.10164 0.103726 
0.105125 0.0984421 0.084379 
0.101461 0.116255 0.0885796 
0.106033 0.10545 0.0978578 
0.121764 0.103075 0.114335 
0.0911697 0.0992943 0.0766621 
0.0992619 0.125448 0.115347 
0.10267 0.102221 0.0876745 
0.0981008 0.0956528 0.10495 
0.0962057 0.0981153 0.0951348 
0.105722 0.113495 0.104766 
0.0832565 0.100358 0.0889827 
0.111974 0.110176 0.103277 
0.0939689 0.0863908 0.0856819 
0.110971 0.112707 0.10327 
0.0966689 0.124073 0.0836872 
0.0937181 0.115828 0.0857808 
0.0900579 0.106587 0.0991949 
0.105747 0.115611 0.107798 
0.103021 0.0963736 0.0826688 
0.100149 0.100424 0.0994475 
0.103309 0.100489 0.0922163 
0.104973 0.0877436 0.102824 
0.0917821 0.112295 0.111816 
0.102832 0.096433 0.104658 
0.0995441 0.0915063 0.104677 
0.104727 0.0967613 0.108979 
0.0865403 0.0966802 0.0864363 
0.106504 0.127327 0.10822 
0.0931925 0.113858 0.104492 
0.0945154 0.117902 0.0924405 
0.0935312 0.0996089 0.104958 
0.0977854 0.10316 0.11493 
0.116608 0.0934938 0.0973803 
0.103654 0.0992596 0.0991083 
0.10444 0.110789 0.101897 
0.102117 0.126211 0.0947952 
0.110686 0.0882633 0.0964029 
0.0937867 0.0994674 0.0986628 
0.097456 0.10119 0.115909 
0.0983631 0.101424 0.10874 
0.109742 0.0967698 0.0995742 
0.0899976 0.0999811 0.0897525 
0.107704 0.111211 0.10363 
0.0895647 0.0937455 0.088348 
0.114645 0.0868248 0.105477 
0.101772 0.0869412 0.0893635 
0.104966 0.0912014 0.108744 
0.10926 0.0825594 0.108731 
0.114349 0.0832773 0.10885 
0.102272 0.104389 0.101966 
0.0825368 0.0928173 0.0896874 
0.110879 0.0953397 0.109765 
0.112297 0.104391 0.100106 
0.106668 0.0913843 0.10111 
0.0932887 0.101436 0.0925823 
0.0986388 0.100303 0.11439 
0.0997678 0.0900003 0.120729 
0.1211 0.0941313 0.103015 
0.107063 0.0924233 0.0944456 
0.115734 0.0696038 0.106027 
0.115177 0.10702 0.109701 
0.0977295 0.0920083 0.085649 
0.0949053 0.120168 0.132365 
0.0703213 0.0829544 0.0877889 
0.108138 0.104443 0.12096 
0.100023 0.108674 0.103989 
0.0898564 0.0884998 0.0954897 
0.0920978 0.0954168 0.10086 
0.100228 0.0969454 0.10073 
0.0931475 0.11361 0.100877 
0.105255 0.105239 0.112633 
0.0984566 0.0952853 0.101095 
0.11926 0.100918 0.0993355 
0.103886 0.0840242 0.0907057 
0.0957095 0.10501 0.096063 
0.108751 0.107141 0.0962557 
0.0945903 0.0902159 0.0844383 
0.0941163 0.10024 0.129978 
0.116339 0.105198 0.108967 
0.100099 0.0775424 0.102518 
0.112801 0.09578 0.12769 
0.0954424 0.105967 0.0922079 
0.0900887 0.0989255 0.091044 
0.108983 0.133822 0.115645 
0.0831559 0.0932054 0.0766994 
0.110068 0.112408 0.104409 
0.0961861 0.101687 0.0891909 
0.105519 0.100667 0.0881559 
0.100982 0.0828791 0.0990768 
0.110626 0.104009 0.100639 
0.0919033 0.0938249 0.0833768 
0.109184 0.107513 0.130006 
0.0921017 0.0830325 0.0883401 
0.10185 0.0933233 0.126275 
0.0977376 0.10919 0.0871823 
0.096931 0.104348 0.119158 
0.0975861 0.113673 0.114639 
0.0996136 0.103658 0.0835631 
0.106102 0.123359 0.113972 
0.0936234 0.0906422 0.0788057 
0.102681 0.103007 0.104143 
0.0866128 0.0994827 0.0907924 
0.102505 0.112854 0.101221 
0.0825236 0.0821699 0.0929181 
0.104415 0.103856 0.11925 
0.102154 0.0980877 0.0944287 
0.0989904 0.095705 0.094595 
0.0928815 0.117966 0.101981 
0.0963259 0.120665 0.0901076 
0.0907058 0.0973065 0.101511 
0.0955306 0.0949936 0.105645 
0.0862666 0.101121 0.119657 
0.0885181 0.0862034 0.0946734 
0.100466 0.0956861 0.119332 
0.0854793 0.0878888 0.0932281 
0.103817 0.102361 0.134275 
0.0942039 0.095835 0.121559 
0.0879311 0.108201 0.0942815 
0.101453 0.0985696 0.108431 
0.102098 0.0962586 0.115233 
0.1034 0.0973103 0.0994121 
0.0883834 0.102538 0.100281 
0.0878504 0.102479 0.101836 
0.104853 0.0973358 0.10682 
0.120067 0.10026 0.104003 
0.098512 0.10147 0.0919696 
0.115527 0.099803 0.0900139 
0.0963738 0.116961 0.0868462 
0.0954901 0.109239 0.0879933 
0.10672 0.112453 0.103333 
0.0838037 0.0886928 0.103442 
0.0934692 0.103126 0.106181 
0.0881948 0.103491 0.101685 
0.10749 0.084186 0.114095 
0.107693 0.101144 0.109255 
0.0896902 0.10992 0.0959159 
0.101804 0.0946699 0.0967138 
0.0919053 0.112742 0.0955216 
0.101994 0.104044 0.0800915 
0.106274 0.104844 0.0958962 
0.103077 0.0950839 0.106459 
0.0983702 0.102257 0.0955736 
0.137394 0.102424 0.0931845 
0.110573 0.0933897 0.0907509 
0.0949494 0.104391 0.092019 
0.101704 0.110163 0.098424 
0.0979034 0.104012 0.0958276 
0.106601 0.109594 0.129152 
0.092209 0.0974591 0.0870222 
0.103668 0.111081 0.0796828 
0.0932108 0.10595 0.104996 
0.0982671 0.0846454 0.110527 
0.108197 0.110613 0.110182 
0.109013 0.109028 0.0786529 
0.109901 0.111129 0.0888722 
0.0984318 0.0891532 0.0991338 
0.116398 0.0803301 0.110222 
0.0988929 0.085132 0.104556 
0.0974625 0.107608 0.100598 
0.0953973 0.0938269 0.105709 
0.10156 0.0985448 0.110703 
0.0997368 0.0804806 0.103122 
0.107961 0.0992271 0.107687 
0.0876553 0.102063 0.105931 
0.0978152 0.10355 0.127619 
0.106763 0.0945975 0.0874245 
0.101311 0.097371 0.089919 
0.114147 0.115184 0.103853 
0.0935745 0.0889243 0.0951161 
0.102005 0.124789 0.0990124 
0.106777 0.0983834 0.0791871 
0.107981 0.102307 0.101287 
0.076243 0.0985583 0.0934171 
0.11273 0.104582 0.130385 
0.101034 0.0863942 0.0872829 
0.0994283 0.0944543 0.0944131 
0.108424 0.0919657 0.103841 
0.0870128 0.0932881 0.0847162 
0.10749 0.102577 0.106396 
0.119554 0.103917 0.0911457 
0.110255 0.0951256 0.0782786 
0.0960028 0.0923722 0.111928 
0.0913368 0.0952809 0.101307 
0.123206 0.0992738 0.100139 
0.0954983 0.107833 0.0843249 
0.085275 0.105489 0.0875122 
0.117471 0.117249 0.109233 
0.0870964 0.09396 0.090763 
0.0850401 0.108424 0.114889 
0.0946722 0.110255 0.105897 
0.0897012 0.0997244 0.113804 
0.0914326 0.11392 0.114878 
0.100235 0.103685 0.10304 
0.0925441 0.0811928 0.106105 
0.110706 0.100574 0.126542 
0.105928 0.101074 0.0892586 
0.109368 0.115018 0.0850977 
0.0910292 0.0921754 0.0921978 
0.106966 0.106986 0.102359 
0.0998768 0.104968 0.0974162 
0.083071 0.0978049 0.0959598 
0.111745 0.0992425 0.108344 
0.0915177 0.0914795 0.0774528 
0.121948 0.097731 0.105295 
0.101792 0.0980625 0.0985412 
0.107028 0.0979874 0.10023 
0.105721 0.0891341 0.101871 
0.094862 0.0968276 0.0793312 
0.114466 0.106767 0.0945207 
0.0928731 0.0940202 0.0897466 
0.113231 0.0892941 0.112061 
0.108687 0.0963538 0.118684 
0.0926678 0.0848552 0.116166 
0.0996424 0.0983806 0.113023 
0.0880058 0.0884994 0.10815 
0.10057 0.108999 0.104528 
0.0923458 0.107003 0.0935639 
0.0865109 0.119142 0.112181 
0.0928796 0.117108 0.0948684 
0.0950151 0.102555 0.101139 
0.123281 0.106148 0.103922 
0.0992292 0.106475 0.0715993 
0.109652 0.101464 0.0942452 
0.0903632 0.113547 0.0909943 
0.0953625 0.107369 0.104254 
0.096248 0.103203 0.100849 
0.090061 0.104157 0.0889524 
0.0891802 0.103532 0.103463 
0.0929283 0.104966 0.0974592 
0.10884 0.0862962 0.099246 
0.0979397 0.0947804 0.104914 
0.119167 0.105694 0.0995167 
0.0851328 0.0843266 0.0887822 
0.0925431 0.0991266 0.111207 
0.115226 0.0955124 0.0939294 
0.106526 0.0927994 0.0989461 
0.0996823 0.115285 0.120995 
0.0994223 0.092122 0.106516 
0.0881758 0.101631 0.104197 
0.0966582 0.103866 0.107331 
0.0959176 0.0974178 0.108922 
0.107934 0.10831 0.104832 
0.103218 0.105232 0.0936677 
0.099433 0.0919928 0.0981781 
0.119031 0.0960181 0.103773 
0.100634 0.102314 0.0938338 
0.106592 0.0963522 0.101386 
0.0839553 0.0881665 0.0908102 
0.109872 0.0995055 0.103696 
0.102119 0.0958199 0.0802976 
0.103754 0.101375 0.104693 
0.0916983 0.0904291 0.103536 
0.0883909 0.0925496 0.116936 
0.092621 0.106292 0.119149 
0.113136 0.0884317 0.106875 
0.0882656 0.0941016 0.11182 
0.109699 0.102693 0.0948855 
0.0940708 0.086622 0.0994994 
0.0934766 0.103709 0.0947476 
0.0830036 0.108051 0.0857998 
0.0965207 0.0969347 0.110424 
0.0885519 0.109108 0.10804 
0.0976106 0.0953123 0.102378 
0.110302 0.083329 0.107633 
0.0966945 0.0879045 0.0813016 
0.0957385 0.102771 0.118921 
0.105846 0.0913991 0.104071 
0.0944952 0.094461 0.0906198 
0.0957251 0.11199 0.1133 
0.087646 0.0986069 0.100941 
0.0967249 0.0969031 0.105377 
0.0890647 0.0924638 0.101109 
0.0999618 0.0833625 0.10422 
0.0956985 0.103531 0.107626 
0.0957917 0.107871 0.102604 
0.0912273 0.0905462 0.108668 
0.108671 0.0997651 0.106302 
0.100581 0.0913574 0.094259 
0.097876 0.112222 0.0998656 
0.0983564 0.0895529 0.0859136 
0.108121 0.101407 0.115074 
0.0833798 0.0965691 0.0923085 
0.0912481 0.107073 0.0951566 
0.0892816 0.0935324 0.0969304 
0.0961809 0.108919 0.103125 
0.0894353 0.111739 0.0820741 
0.102234 0.0975136 0.0894451 
0.102889 0.100846 0.0980439 
0.092365 0.0927194 0.10993 
0.0932818 0.102722 0.107784 
0.0971215 0.0961975 0.103106 
0.111258 0.0982113 0.104541 
0.134166 0.100342 0.0916256 
0.0998807 0.0835607 0.0916481 
0.103355 0.0954942 0.095182 
0.105083 0.104595 0.11295 
0.0888003 0.0982816 0.100916 
0.101775 0.112628 0.111797 
0.0875139 0.100494 0.0937935 
0.0974592 0.120966 0.0977058 
0.0991395 0.108008 0.0995456 
0.100105 0.0959589 0.103165 
0.125292 0.099229 0.103676 
0.0991042 0.0883562 0.0889005 
0.114463 0.119167 0.115596 
0.0955671 0.0895998 0.0798299 
0.100861 0.10431 0.106351 
0.117428 0.107592 0.0962213 
0.0978983 0.104109 0.0860495 
0.120287 0.107042 0.0915061 
0.104749 0.0920198 0.0884476 
0.109786 0.0904082 0.0979799 
0.103168 0.109565 0.110876 
0.0876467 0.0798469 0.0846714 
0.102566 0.0951401 0.101939 
0.10525 0.092951 0.103702 
0.1046 0.107086 0.0933721 
0.0978223 0.0948702 0.105955 
